{
 "cells": [
  {
   "cell_type": "markdown",
   "metadata": {},
   "source": [
    "# Efficient Frontier part2\n"
   ]
  },
  {
   "cell_type": "code",
   "execution_count": 72,
   "metadata": {},
   "outputs": [
    {
     "name": "stdout",
     "output_type": "stream",
     "text": [
      "The autoreload extension is already loaded. To reload it, use:\n",
      "  %reload_ext autoreload\n"
     ]
    },
    {
     "data": {
      "text/html": [
       "<div>\n",
       "<style scoped>\n",
       "    .dataframe tbody tr th:only-of-type {\n",
       "        vertical-align: middle;\n",
       "    }\n",
       "\n",
       "    .dataframe tbody tr th {\n",
       "        vertical-align: top;\n",
       "    }\n",
       "\n",
       "    .dataframe thead th {\n",
       "        text-align: right;\n",
       "    }\n",
       "</style>\n",
       "<table border=\"1\" class=\"dataframe\">\n",
       "  <thead>\n",
       "    <tr style=\"text-align: right;\">\n",
       "      <th></th>\n",
       "      <th>Food</th>\n",
       "      <th>Beer</th>\n",
       "      <th>Smoke</th>\n",
       "      <th>Games</th>\n",
       "      <th>Books</th>\n",
       "      <th>Hshld</th>\n",
       "      <th>Clths</th>\n",
       "      <th>Hlth</th>\n",
       "      <th>Chems</th>\n",
       "      <th>Txtls</th>\n",
       "      <th>...</th>\n",
       "      <th>Telcm</th>\n",
       "      <th>Servs</th>\n",
       "      <th>BusEq</th>\n",
       "      <th>Paper</th>\n",
       "      <th>Trans</th>\n",
       "      <th>Whlsl</th>\n",
       "      <th>Rtail</th>\n",
       "      <th>Meals</th>\n",
       "      <th>Fin</th>\n",
       "      <th>Other</th>\n",
       "    </tr>\n",
       "  </thead>\n",
       "  <tbody>\n",
       "    <tr>\n",
       "      <td>Food</td>\n",
       "      <td>0.002609</td>\n",
       "      <td>0.002379</td>\n",
       "      <td>0.002061</td>\n",
       "      <td>0.000846</td>\n",
       "      <td>0.001035</td>\n",
       "      <td>0.001374</td>\n",
       "      <td>0.001733</td>\n",
       "      <td>0.001230</td>\n",
       "      <td>0.001414</td>\n",
       "      <td>0.001216</td>\n",
       "      <td>...</td>\n",
       "      <td>0.000667</td>\n",
       "      <td>0.000237</td>\n",
       "      <td>-0.000315</td>\n",
       "      <td>0.001429</td>\n",
       "      <td>0.001534</td>\n",
       "      <td>0.000740</td>\n",
       "      <td>0.001363</td>\n",
       "      <td>0.001230</td>\n",
       "      <td>0.002132</td>\n",
       "      <td>0.001057</td>\n",
       "    </tr>\n",
       "    <tr>\n",
       "      <td>Beer</td>\n",
       "      <td>0.002379</td>\n",
       "      <td>0.005264</td>\n",
       "      <td>0.001359</td>\n",
       "      <td>0.001348</td>\n",
       "      <td>0.000865</td>\n",
       "      <td>0.002804</td>\n",
       "      <td>0.001704</td>\n",
       "      <td>0.001955</td>\n",
       "      <td>0.001460</td>\n",
       "      <td>0.002005</td>\n",
       "      <td>...</td>\n",
       "      <td>0.001146</td>\n",
       "      <td>0.000438</td>\n",
       "      <td>0.000007</td>\n",
       "      <td>0.001710</td>\n",
       "      <td>0.002284</td>\n",
       "      <td>0.000697</td>\n",
       "      <td>0.001690</td>\n",
       "      <td>0.001822</td>\n",
       "      <td>0.002571</td>\n",
       "      <td>0.001383</td>\n",
       "    </tr>\n",
       "    <tr>\n",
       "      <td>Smoke</td>\n",
       "      <td>0.002061</td>\n",
       "      <td>0.001359</td>\n",
       "      <td>0.008349</td>\n",
       "      <td>0.000379</td>\n",
       "      <td>-0.000128</td>\n",
       "      <td>0.001167</td>\n",
       "      <td>0.000950</td>\n",
       "      <td>0.001038</td>\n",
       "      <td>0.000853</td>\n",
       "      <td>0.000779</td>\n",
       "      <td>...</td>\n",
       "      <td>0.000062</td>\n",
       "      <td>-0.000218</td>\n",
       "      <td>-0.000120</td>\n",
       "      <td>0.001327</td>\n",
       "      <td>0.000396</td>\n",
       "      <td>0.001707</td>\n",
       "      <td>0.000105</td>\n",
       "      <td>0.000703</td>\n",
       "      <td>0.001312</td>\n",
       "      <td>0.001741</td>\n",
       "    </tr>\n",
       "    <tr>\n",
       "      <td>Games</td>\n",
       "      <td>0.000846</td>\n",
       "      <td>0.001348</td>\n",
       "      <td>0.000379</td>\n",
       "      <td>0.003773</td>\n",
       "      <td>0.001726</td>\n",
       "      <td>0.001206</td>\n",
       "      <td>0.002189</td>\n",
       "      <td>0.001433</td>\n",
       "      <td>0.001775</td>\n",
       "      <td>0.001422</td>\n",
       "      <td>...</td>\n",
       "      <td>0.001922</td>\n",
       "      <td>0.002848</td>\n",
       "      <td>0.003434</td>\n",
       "      <td>0.001852</td>\n",
       "      <td>0.001578</td>\n",
       "      <td>0.001966</td>\n",
       "      <td>0.001872</td>\n",
       "      <td>0.001561</td>\n",
       "      <td>0.002416</td>\n",
       "      <td>0.002382</td>\n",
       "    </tr>\n",
       "    <tr>\n",
       "      <td>Books</td>\n",
       "      <td>0.001035</td>\n",
       "      <td>0.000865</td>\n",
       "      <td>-0.000128</td>\n",
       "      <td>0.001726</td>\n",
       "      <td>0.002612</td>\n",
       "      <td>0.001025</td>\n",
       "      <td>0.002361</td>\n",
       "      <td>0.000758</td>\n",
       "      <td>0.001731</td>\n",
       "      <td>0.001459</td>\n",
       "      <td>...</td>\n",
       "      <td>0.001918</td>\n",
       "      <td>0.002367</td>\n",
       "      <td>0.001944</td>\n",
       "      <td>0.001638</td>\n",
       "      <td>0.001776</td>\n",
       "      <td>0.001392</td>\n",
       "      <td>0.002223</td>\n",
       "      <td>0.001189</td>\n",
       "      <td>0.002261</td>\n",
       "      <td>0.001442</td>\n",
       "    </tr>\n",
       "    <tr>\n",
       "      <td>Hshld</td>\n",
       "      <td>0.001374</td>\n",
       "      <td>0.002804</td>\n",
       "      <td>0.001167</td>\n",
       "      <td>0.001206</td>\n",
       "      <td>0.001025</td>\n",
       "      <td>0.003300</td>\n",
       "      <td>0.001320</td>\n",
       "      <td>0.001473</td>\n",
       "      <td>0.001413</td>\n",
       "      <td>0.001364</td>\n",
       "      <td>...</td>\n",
       "      <td>0.001060</td>\n",
       "      <td>0.001310</td>\n",
       "      <td>0.001102</td>\n",
       "      <td>0.001873</td>\n",
       "      <td>0.001582</td>\n",
       "      <td>0.000683</td>\n",
       "      <td>0.001378</td>\n",
       "      <td>0.001202</td>\n",
       "      <td>0.001912</td>\n",
       "      <td>0.001580</td>\n",
       "    </tr>\n",
       "    <tr>\n",
       "      <td>Clths</td>\n",
       "      <td>0.001733</td>\n",
       "      <td>0.001704</td>\n",
       "      <td>0.000950</td>\n",
       "      <td>0.002189</td>\n",
       "      <td>0.002361</td>\n",
       "      <td>0.001320</td>\n",
       "      <td>0.005655</td>\n",
       "      <td>0.000834</td>\n",
       "      <td>0.002932</td>\n",
       "      <td>0.002472</td>\n",
       "      <td>...</td>\n",
       "      <td>0.001436</td>\n",
       "      <td>0.001625</td>\n",
       "      <td>0.000834</td>\n",
       "      <td>0.003165</td>\n",
       "      <td>0.002862</td>\n",
       "      <td>0.001934</td>\n",
       "      <td>0.003013</td>\n",
       "      <td>0.002721</td>\n",
       "      <td>0.003210</td>\n",
       "      <td>0.002299</td>\n",
       "    </tr>\n",
       "    <tr>\n",
       "      <td>Hlth</td>\n",
       "      <td>0.001230</td>\n",
       "      <td>0.001955</td>\n",
       "      <td>0.001038</td>\n",
       "      <td>0.001433</td>\n",
       "      <td>0.000758</td>\n",
       "      <td>0.001473</td>\n",
       "      <td>0.000834</td>\n",
       "      <td>0.002565</td>\n",
       "      <td>0.000474</td>\n",
       "      <td>0.000608</td>\n",
       "      <td>...</td>\n",
       "      <td>0.001204</td>\n",
       "      <td>0.001651</td>\n",
       "      <td>0.001535</td>\n",
       "      <td>0.000650</td>\n",
       "      <td>0.000944</td>\n",
       "      <td>0.001056</td>\n",
       "      <td>0.000869</td>\n",
       "      <td>0.000986</td>\n",
       "      <td>0.001617</td>\n",
       "      <td>0.001258</td>\n",
       "    </tr>\n",
       "    <tr>\n",
       "      <td>Chems</td>\n",
       "      <td>0.001414</td>\n",
       "      <td>0.001460</td>\n",
       "      <td>0.000853</td>\n",
       "      <td>0.001775</td>\n",
       "      <td>0.001731</td>\n",
       "      <td>0.001413</td>\n",
       "      <td>0.002932</td>\n",
       "      <td>0.000474</td>\n",
       "      <td>0.003276</td>\n",
       "      <td>0.001868</td>\n",
       "      <td>...</td>\n",
       "      <td>0.001004</td>\n",
       "      <td>0.001203</td>\n",
       "      <td>0.001031</td>\n",
       "      <td>0.002920</td>\n",
       "      <td>0.002196</td>\n",
       "      <td>0.001404</td>\n",
       "      <td>0.001808</td>\n",
       "      <td>0.001646</td>\n",
       "      <td>0.002469</td>\n",
       "      <td>0.002059</td>\n",
       "    </tr>\n",
       "    <tr>\n",
       "      <td>Txtls</td>\n",
       "      <td>0.001216</td>\n",
       "      <td>0.002005</td>\n",
       "      <td>0.000779</td>\n",
       "      <td>0.001422</td>\n",
       "      <td>0.001459</td>\n",
       "      <td>0.001364</td>\n",
       "      <td>0.002472</td>\n",
       "      <td>0.000608</td>\n",
       "      <td>0.001868</td>\n",
       "      <td>0.003117</td>\n",
       "      <td>...</td>\n",
       "      <td>0.000907</td>\n",
       "      <td>0.000666</td>\n",
       "      <td>0.000702</td>\n",
       "      <td>0.002058</td>\n",
       "      <td>0.001929</td>\n",
       "      <td>0.001610</td>\n",
       "      <td>0.001805</td>\n",
       "      <td>0.001250</td>\n",
       "      <td>0.001986</td>\n",
       "      <td>0.001811</td>\n",
       "    </tr>\n",
       "    <tr>\n",
       "      <td>Cnstr</td>\n",
       "      <td>0.001487</td>\n",
       "      <td>0.002268</td>\n",
       "      <td>0.001446</td>\n",
       "      <td>0.002013</td>\n",
       "      <td>0.001753</td>\n",
       "      <td>0.002080</td>\n",
       "      <td>0.002937</td>\n",
       "      <td>0.001399</td>\n",
       "      <td>0.002088</td>\n",
       "      <td>0.001860</td>\n",
       "      <td>...</td>\n",
       "      <td>0.001732</td>\n",
       "      <td>0.002543</td>\n",
       "      <td>0.002310</td>\n",
       "      <td>0.002205</td>\n",
       "      <td>0.002302</td>\n",
       "      <td>0.001685</td>\n",
       "      <td>0.002136</td>\n",
       "      <td>0.002100</td>\n",
       "      <td>0.002708</td>\n",
       "      <td>0.001810</td>\n",
       "    </tr>\n",
       "    <tr>\n",
       "      <td>Steel</td>\n",
       "      <td>0.000070</td>\n",
       "      <td>0.000213</td>\n",
       "      <td>0.000322</td>\n",
       "      <td>0.003132</td>\n",
       "      <td>0.001992</td>\n",
       "      <td>0.001296</td>\n",
       "      <td>0.001895</td>\n",
       "      <td>0.001019</td>\n",
       "      <td>0.002588</td>\n",
       "      <td>0.001322</td>\n",
       "      <td>...</td>\n",
       "      <td>0.002390</td>\n",
       "      <td>0.004607</td>\n",
       "      <td>0.005890</td>\n",
       "      <td>0.002551</td>\n",
       "      <td>0.001656</td>\n",
       "      <td>0.002543</td>\n",
       "      <td>0.001447</td>\n",
       "      <td>0.000660</td>\n",
       "      <td>0.002178</td>\n",
       "      <td>0.003864</td>\n",
       "    </tr>\n",
       "    <tr>\n",
       "      <td>FabPr</td>\n",
       "      <td>0.000742</td>\n",
       "      <td>0.000769</td>\n",
       "      <td>0.000912</td>\n",
       "      <td>0.002848</td>\n",
       "      <td>0.001947</td>\n",
       "      <td>0.001343</td>\n",
       "      <td>0.002834</td>\n",
       "      <td>0.000896</td>\n",
       "      <td>0.002536</td>\n",
       "      <td>0.001691</td>\n",
       "      <td>...</td>\n",
       "      <td>0.001708</td>\n",
       "      <td>0.003056</td>\n",
       "      <td>0.004275</td>\n",
       "      <td>0.002669</td>\n",
       "      <td>0.002119</td>\n",
       "      <td>0.002383</td>\n",
       "      <td>0.001835</td>\n",
       "      <td>0.001725</td>\n",
       "      <td>0.002319</td>\n",
       "      <td>0.002756</td>\n",
       "    </tr>\n",
       "    <tr>\n",
       "      <td>ElcEq</td>\n",
       "      <td>0.001313</td>\n",
       "      <td>0.001236</td>\n",
       "      <td>0.000006</td>\n",
       "      <td>0.002386</td>\n",
       "      <td>0.002426</td>\n",
       "      <td>0.001675</td>\n",
       "      <td>0.002593</td>\n",
       "      <td>0.001260</td>\n",
       "      <td>0.001755</td>\n",
       "      <td>0.001222</td>\n",
       "      <td>...</td>\n",
       "      <td>0.002429</td>\n",
       "      <td>0.004001</td>\n",
       "      <td>0.003618</td>\n",
       "      <td>0.001794</td>\n",
       "      <td>0.001888</td>\n",
       "      <td>0.001246</td>\n",
       "      <td>0.002738</td>\n",
       "      <td>0.001526</td>\n",
       "      <td>0.002717</td>\n",
       "      <td>0.001825</td>\n",
       "    </tr>\n",
       "    <tr>\n",
       "      <td>Autos</td>\n",
       "      <td>0.000618</td>\n",
       "      <td>0.001520</td>\n",
       "      <td>0.000314</td>\n",
       "      <td>0.002371</td>\n",
       "      <td>0.001723</td>\n",
       "      <td>0.001760</td>\n",
       "      <td>0.002887</td>\n",
       "      <td>0.001019</td>\n",
       "      <td>0.002034</td>\n",
       "      <td>0.001982</td>\n",
       "      <td>...</td>\n",
       "      <td>0.001856</td>\n",
       "      <td>0.002125</td>\n",
       "      <td>0.002668</td>\n",
       "      <td>0.002186</td>\n",
       "      <td>0.002279</td>\n",
       "      <td>0.001754</td>\n",
       "      <td>0.002011</td>\n",
       "      <td>0.001952</td>\n",
       "      <td>0.002604</td>\n",
       "      <td>0.002343</td>\n",
       "    </tr>\n",
       "    <tr>\n",
       "      <td>Carry</td>\n",
       "      <td>0.001583</td>\n",
       "      <td>0.002015</td>\n",
       "      <td>0.001812</td>\n",
       "      <td>0.001874</td>\n",
       "      <td>0.001422</td>\n",
       "      <td>0.001975</td>\n",
       "      <td>0.003301</td>\n",
       "      <td>0.000784</td>\n",
       "      <td>0.002592</td>\n",
       "      <td>0.002035</td>\n",
       "      <td>...</td>\n",
       "      <td>0.000945</td>\n",
       "      <td>0.001171</td>\n",
       "      <td>0.001393</td>\n",
       "      <td>0.002968</td>\n",
       "      <td>0.002450</td>\n",
       "      <td>0.001629</td>\n",
       "      <td>0.001845</td>\n",
       "      <td>0.002108</td>\n",
       "      <td>0.002721</td>\n",
       "      <td>0.002404</td>\n",
       "    </tr>\n",
       "    <tr>\n",
       "      <td>Mines</td>\n",
       "      <td>0.000909</td>\n",
       "      <td>0.000278</td>\n",
       "      <td>0.001588</td>\n",
       "      <td>0.001777</td>\n",
       "      <td>0.001304</td>\n",
       "      <td>0.000687</td>\n",
       "      <td>0.002685</td>\n",
       "      <td>0.001223</td>\n",
       "      <td>0.002425</td>\n",
       "      <td>0.001291</td>\n",
       "      <td>...</td>\n",
       "      <td>0.001683</td>\n",
       "      <td>0.002565</td>\n",
       "      <td>0.002536</td>\n",
       "      <td>0.002802</td>\n",
       "      <td>0.001639</td>\n",
       "      <td>0.002250</td>\n",
       "      <td>0.001487</td>\n",
       "      <td>0.001403</td>\n",
       "      <td>0.001979</td>\n",
       "      <td>0.002876</td>\n",
       "    </tr>\n",
       "    <tr>\n",
       "      <td>Coal</td>\n",
       "      <td>0.000027</td>\n",
       "      <td>0.001728</td>\n",
       "      <td>-0.000733</td>\n",
       "      <td>0.001888</td>\n",
       "      <td>0.002426</td>\n",
       "      <td>0.002300</td>\n",
       "      <td>0.002792</td>\n",
       "      <td>0.001902</td>\n",
       "      <td>0.002213</td>\n",
       "      <td>0.000732</td>\n",
       "      <td>...</td>\n",
       "      <td>0.001118</td>\n",
       "      <td>0.003013</td>\n",
       "      <td>0.003240</td>\n",
       "      <td>0.002560</td>\n",
       "      <td>0.001635</td>\n",
       "      <td>0.002197</td>\n",
       "      <td>0.000490</td>\n",
       "      <td>0.000614</td>\n",
       "      <td>0.002946</td>\n",
       "      <td>0.001691</td>\n",
       "    </tr>\n",
       "    <tr>\n",
       "      <td>Oil</td>\n",
       "      <td>0.001079</td>\n",
       "      <td>0.000733</td>\n",
       "      <td>0.000984</td>\n",
       "      <td>0.001119</td>\n",
       "      <td>0.000988</td>\n",
       "      <td>0.000620</td>\n",
       "      <td>0.001924</td>\n",
       "      <td>0.000597</td>\n",
       "      <td>0.002077</td>\n",
       "      <td>0.001274</td>\n",
       "      <td>...</td>\n",
       "      <td>0.000488</td>\n",
       "      <td>0.001220</td>\n",
       "      <td>0.001158</td>\n",
       "      <td>0.001820</td>\n",
       "      <td>0.001496</td>\n",
       "      <td>0.001658</td>\n",
       "      <td>0.000918</td>\n",
       "      <td>0.001262</td>\n",
       "      <td>0.001896</td>\n",
       "      <td>0.001950</td>\n",
       "    </tr>\n",
       "    <tr>\n",
       "      <td>Util</td>\n",
       "      <td>0.000943</td>\n",
       "      <td>0.000643</td>\n",
       "      <td>0.001274</td>\n",
       "      <td>0.000036</td>\n",
       "      <td>0.000550</td>\n",
       "      <td>0.000373</td>\n",
       "      <td>0.000800</td>\n",
       "      <td>0.000572</td>\n",
       "      <td>0.000673</td>\n",
       "      <td>0.000926</td>\n",
       "      <td>...</td>\n",
       "      <td>0.000107</td>\n",
       "      <td>-0.000624</td>\n",
       "      <td>-0.001087</td>\n",
       "      <td>0.000524</td>\n",
       "      <td>0.000603</td>\n",
       "      <td>0.000879</td>\n",
       "      <td>-0.000076</td>\n",
       "      <td>0.000301</td>\n",
       "      <td>0.001094</td>\n",
       "      <td>0.001013</td>\n",
       "    </tr>\n",
       "    <tr>\n",
       "      <td>Telcm</td>\n",
       "      <td>0.000667</td>\n",
       "      <td>0.001146</td>\n",
       "      <td>0.000062</td>\n",
       "      <td>0.001922</td>\n",
       "      <td>0.001918</td>\n",
       "      <td>0.001060</td>\n",
       "      <td>0.001436</td>\n",
       "      <td>0.001204</td>\n",
       "      <td>0.001004</td>\n",
       "      <td>0.000907</td>\n",
       "      <td>...</td>\n",
       "      <td>0.003569</td>\n",
       "      <td>0.003556</td>\n",
       "      <td>0.003260</td>\n",
       "      <td>0.001308</td>\n",
       "      <td>0.001541</td>\n",
       "      <td>0.001187</td>\n",
       "      <td>0.002042</td>\n",
       "      <td>0.001179</td>\n",
       "      <td>0.001787</td>\n",
       "      <td>0.001321</td>\n",
       "    </tr>\n",
       "    <tr>\n",
       "      <td>Servs</td>\n",
       "      <td>0.000237</td>\n",
       "      <td>0.000438</td>\n",
       "      <td>-0.000218</td>\n",
       "      <td>0.002848</td>\n",
       "      <td>0.002367</td>\n",
       "      <td>0.001310</td>\n",
       "      <td>0.001625</td>\n",
       "      <td>0.001651</td>\n",
       "      <td>0.001203</td>\n",
       "      <td>0.000666</td>\n",
       "      <td>...</td>\n",
       "      <td>0.003556</td>\n",
       "      <td>0.007612</td>\n",
       "      <td>0.007098</td>\n",
       "      <td>0.001300</td>\n",
       "      <td>0.001397</td>\n",
       "      <td>0.002083</td>\n",
       "      <td>0.002888</td>\n",
       "      <td>0.001121</td>\n",
       "      <td>0.001961</td>\n",
       "      <td>0.002396</td>\n",
       "    </tr>\n",
       "    <tr>\n",
       "      <td>BusEq</td>\n",
       "      <td>-0.000315</td>\n",
       "      <td>0.000007</td>\n",
       "      <td>-0.000120</td>\n",
       "      <td>0.003434</td>\n",
       "      <td>0.001944</td>\n",
       "      <td>0.001102</td>\n",
       "      <td>0.000834</td>\n",
       "      <td>0.001535</td>\n",
       "      <td>0.001031</td>\n",
       "      <td>0.000702</td>\n",
       "      <td>...</td>\n",
       "      <td>0.003260</td>\n",
       "      <td>0.007098</td>\n",
       "      <td>0.009620</td>\n",
       "      <td>0.001414</td>\n",
       "      <td>0.001282</td>\n",
       "      <td>0.002515</td>\n",
       "      <td>0.002021</td>\n",
       "      <td>0.000724</td>\n",
       "      <td>0.001689</td>\n",
       "      <td>0.002674</td>\n",
       "    </tr>\n",
       "    <tr>\n",
       "      <td>Paper</td>\n",
       "      <td>0.001429</td>\n",
       "      <td>0.001710</td>\n",
       "      <td>0.001327</td>\n",
       "      <td>0.001852</td>\n",
       "      <td>0.001638</td>\n",
       "      <td>0.001873</td>\n",
       "      <td>0.003165</td>\n",
       "      <td>0.000650</td>\n",
       "      <td>0.002920</td>\n",
       "      <td>0.002058</td>\n",
       "      <td>...</td>\n",
       "      <td>0.001308</td>\n",
       "      <td>0.001300</td>\n",
       "      <td>0.001414</td>\n",
       "      <td>0.003409</td>\n",
       "      <td>0.002361</td>\n",
       "      <td>0.001576</td>\n",
       "      <td>0.001819</td>\n",
       "      <td>0.001642</td>\n",
       "      <td>0.002495</td>\n",
       "      <td>0.001911</td>\n",
       "    </tr>\n",
       "    <tr>\n",
       "      <td>Trans</td>\n",
       "      <td>0.001534</td>\n",
       "      <td>0.002284</td>\n",
       "      <td>0.000396</td>\n",
       "      <td>0.001578</td>\n",
       "      <td>0.001776</td>\n",
       "      <td>0.001582</td>\n",
       "      <td>0.002862</td>\n",
       "      <td>0.000944</td>\n",
       "      <td>0.002196</td>\n",
       "      <td>0.001929</td>\n",
       "      <td>...</td>\n",
       "      <td>0.001541</td>\n",
       "      <td>0.001397</td>\n",
       "      <td>0.001282</td>\n",
       "      <td>0.002361</td>\n",
       "      <td>0.002852</td>\n",
       "      <td>0.001190</td>\n",
       "      <td>0.002044</td>\n",
       "      <td>0.001963</td>\n",
       "      <td>0.002598</td>\n",
       "      <td>0.001712</td>\n",
       "    </tr>\n",
       "    <tr>\n",
       "      <td>Whlsl</td>\n",
       "      <td>0.000740</td>\n",
       "      <td>0.000697</td>\n",
       "      <td>0.001707</td>\n",
       "      <td>0.001966</td>\n",
       "      <td>0.001392</td>\n",
       "      <td>0.000683</td>\n",
       "      <td>0.001934</td>\n",
       "      <td>0.001056</td>\n",
       "      <td>0.001404</td>\n",
       "      <td>0.001610</td>\n",
       "      <td>...</td>\n",
       "      <td>0.001187</td>\n",
       "      <td>0.002083</td>\n",
       "      <td>0.002515</td>\n",
       "      <td>0.001576</td>\n",
       "      <td>0.001190</td>\n",
       "      <td>0.002734</td>\n",
       "      <td>0.001202</td>\n",
       "      <td>0.000961</td>\n",
       "      <td>0.001882</td>\n",
       "      <td>0.002197</td>\n",
       "    </tr>\n",
       "    <tr>\n",
       "      <td>Rtail</td>\n",
       "      <td>0.001363</td>\n",
       "      <td>0.001690</td>\n",
       "      <td>0.000105</td>\n",
       "      <td>0.001872</td>\n",
       "      <td>0.002223</td>\n",
       "      <td>0.001378</td>\n",
       "      <td>0.003013</td>\n",
       "      <td>0.000869</td>\n",
       "      <td>0.001808</td>\n",
       "      <td>0.001805</td>\n",
       "      <td>...</td>\n",
       "      <td>0.002042</td>\n",
       "      <td>0.002888</td>\n",
       "      <td>0.002021</td>\n",
       "      <td>0.001819</td>\n",
       "      <td>0.002044</td>\n",
       "      <td>0.001202</td>\n",
       "      <td>0.003480</td>\n",
       "      <td>0.002187</td>\n",
       "      <td>0.002313</td>\n",
       "      <td>0.001399</td>\n",
       "    </tr>\n",
       "    <tr>\n",
       "      <td>Meals</td>\n",
       "      <td>0.001230</td>\n",
       "      <td>0.001822</td>\n",
       "      <td>0.000703</td>\n",
       "      <td>0.001561</td>\n",
       "      <td>0.001189</td>\n",
       "      <td>0.001202</td>\n",
       "      <td>0.002721</td>\n",
       "      <td>0.000986</td>\n",
       "      <td>0.001646</td>\n",
       "      <td>0.001250</td>\n",
       "      <td>...</td>\n",
       "      <td>0.001179</td>\n",
       "      <td>0.001121</td>\n",
       "      <td>0.000724</td>\n",
       "      <td>0.001642</td>\n",
       "      <td>0.001963</td>\n",
       "      <td>0.000961</td>\n",
       "      <td>0.002187</td>\n",
       "      <td>0.002979</td>\n",
       "      <td>0.002026</td>\n",
       "      <td>0.001247</td>\n",
       "    </tr>\n",
       "    <tr>\n",
       "      <td>Fin</td>\n",
       "      <td>0.002132</td>\n",
       "      <td>0.002571</td>\n",
       "      <td>0.001312</td>\n",
       "      <td>0.002416</td>\n",
       "      <td>0.002261</td>\n",
       "      <td>0.001912</td>\n",
       "      <td>0.003210</td>\n",
       "      <td>0.001617</td>\n",
       "      <td>0.002469</td>\n",
       "      <td>0.001986</td>\n",
       "      <td>...</td>\n",
       "      <td>0.001787</td>\n",
       "      <td>0.001961</td>\n",
       "      <td>0.001689</td>\n",
       "      <td>0.002495</td>\n",
       "      <td>0.002598</td>\n",
       "      <td>0.001882</td>\n",
       "      <td>0.002313</td>\n",
       "      <td>0.002026</td>\n",
       "      <td>0.003982</td>\n",
       "      <td>0.002243</td>\n",
       "    </tr>\n",
       "    <tr>\n",
       "      <td>Other</td>\n",
       "      <td>0.001057</td>\n",
       "      <td>0.001383</td>\n",
       "      <td>0.001741</td>\n",
       "      <td>0.002382</td>\n",
       "      <td>0.001442</td>\n",
       "      <td>0.001580</td>\n",
       "      <td>0.002299</td>\n",
       "      <td>0.001258</td>\n",
       "      <td>0.002059</td>\n",
       "      <td>0.001811</td>\n",
       "      <td>...</td>\n",
       "      <td>0.001321</td>\n",
       "      <td>0.002396</td>\n",
       "      <td>0.002674</td>\n",
       "      <td>0.001911</td>\n",
       "      <td>0.001712</td>\n",
       "      <td>0.002197</td>\n",
       "      <td>0.001399</td>\n",
       "      <td>0.001247</td>\n",
       "      <td>0.002243</td>\n",
       "      <td>0.004200</td>\n",
       "    </tr>\n",
       "  </tbody>\n",
       "</table>\n",
       "<p>30 rows × 30 columns</p>\n",
       "</div>"
      ],
      "text/plain": [
       "           Food      Beer     Smoke     Games     Books     Hshld     Clths  \\\n",
       "Food   0.002609  0.002379  0.002061  0.000846  0.001035  0.001374  0.001733   \n",
       "Beer   0.002379  0.005264  0.001359  0.001348  0.000865  0.002804  0.001704   \n",
       "Smoke  0.002061  0.001359  0.008349  0.000379 -0.000128  0.001167  0.000950   \n",
       "Games  0.000846  0.001348  0.000379  0.003773  0.001726  0.001206  0.002189   \n",
       "Books  0.001035  0.000865 -0.000128  0.001726  0.002612  0.001025  0.002361   \n",
       "Hshld  0.001374  0.002804  0.001167  0.001206  0.001025  0.003300  0.001320   \n",
       "Clths  0.001733  0.001704  0.000950  0.002189  0.002361  0.001320  0.005655   \n",
       "Hlth   0.001230  0.001955  0.001038  0.001433  0.000758  0.001473  0.000834   \n",
       "Chems  0.001414  0.001460  0.000853  0.001775  0.001731  0.001413  0.002932   \n",
       "Txtls  0.001216  0.002005  0.000779  0.001422  0.001459  0.001364  0.002472   \n",
       "Cnstr  0.001487  0.002268  0.001446  0.002013  0.001753  0.002080  0.002937   \n",
       "Steel  0.000070  0.000213  0.000322  0.003132  0.001992  0.001296  0.001895   \n",
       "FabPr  0.000742  0.000769  0.000912  0.002848  0.001947  0.001343  0.002834   \n",
       "ElcEq  0.001313  0.001236  0.000006  0.002386  0.002426  0.001675  0.002593   \n",
       "Autos  0.000618  0.001520  0.000314  0.002371  0.001723  0.001760  0.002887   \n",
       "Carry  0.001583  0.002015  0.001812  0.001874  0.001422  0.001975  0.003301   \n",
       "Mines  0.000909  0.000278  0.001588  0.001777  0.001304  0.000687  0.002685   \n",
       "Coal   0.000027  0.001728 -0.000733  0.001888  0.002426  0.002300  0.002792   \n",
       "Oil    0.001079  0.000733  0.000984  0.001119  0.000988  0.000620  0.001924   \n",
       "Util   0.000943  0.000643  0.001274  0.000036  0.000550  0.000373  0.000800   \n",
       "Telcm  0.000667  0.001146  0.000062  0.001922  0.001918  0.001060  0.001436   \n",
       "Servs  0.000237  0.000438 -0.000218  0.002848  0.002367  0.001310  0.001625   \n",
       "BusEq -0.000315  0.000007 -0.000120  0.003434  0.001944  0.001102  0.000834   \n",
       "Paper  0.001429  0.001710  0.001327  0.001852  0.001638  0.001873  0.003165   \n",
       "Trans  0.001534  0.002284  0.000396  0.001578  0.001776  0.001582  0.002862   \n",
       "Whlsl  0.000740  0.000697  0.001707  0.001966  0.001392  0.000683  0.001934   \n",
       "Rtail  0.001363  0.001690  0.000105  0.001872  0.002223  0.001378  0.003013   \n",
       "Meals  0.001230  0.001822  0.000703  0.001561  0.001189  0.001202  0.002721   \n",
       "Fin    0.002132  0.002571  0.001312  0.002416  0.002261  0.001912  0.003210   \n",
       "Other  0.001057  0.001383  0.001741  0.002382  0.001442  0.001580  0.002299   \n",
       "\n",
       "           Hlth     Chems     Txtls  ...     Telcm     Servs     BusEq  \\\n",
       "Food   0.001230  0.001414  0.001216  ...  0.000667  0.000237 -0.000315   \n",
       "Beer   0.001955  0.001460  0.002005  ...  0.001146  0.000438  0.000007   \n",
       "Smoke  0.001038  0.000853  0.000779  ...  0.000062 -0.000218 -0.000120   \n",
       "Games  0.001433  0.001775  0.001422  ...  0.001922  0.002848  0.003434   \n",
       "Books  0.000758  0.001731  0.001459  ...  0.001918  0.002367  0.001944   \n",
       "Hshld  0.001473  0.001413  0.001364  ...  0.001060  0.001310  0.001102   \n",
       "Clths  0.000834  0.002932  0.002472  ...  0.001436  0.001625  0.000834   \n",
       "Hlth   0.002565  0.000474  0.000608  ...  0.001204  0.001651  0.001535   \n",
       "Chems  0.000474  0.003276  0.001868  ...  0.001004  0.001203  0.001031   \n",
       "Txtls  0.000608  0.001868  0.003117  ...  0.000907  0.000666  0.000702   \n",
       "Cnstr  0.001399  0.002088  0.001860  ...  0.001732  0.002543  0.002310   \n",
       "Steel  0.001019  0.002588  0.001322  ...  0.002390  0.004607  0.005890   \n",
       "FabPr  0.000896  0.002536  0.001691  ...  0.001708  0.003056  0.004275   \n",
       "ElcEq  0.001260  0.001755  0.001222  ...  0.002429  0.004001  0.003618   \n",
       "Autos  0.001019  0.002034  0.001982  ...  0.001856  0.002125  0.002668   \n",
       "Carry  0.000784  0.002592  0.002035  ...  0.000945  0.001171  0.001393   \n",
       "Mines  0.001223  0.002425  0.001291  ...  0.001683  0.002565  0.002536   \n",
       "Coal   0.001902  0.002213  0.000732  ...  0.001118  0.003013  0.003240   \n",
       "Oil    0.000597  0.002077  0.001274  ...  0.000488  0.001220  0.001158   \n",
       "Util   0.000572  0.000673  0.000926  ...  0.000107 -0.000624 -0.001087   \n",
       "Telcm  0.001204  0.001004  0.000907  ...  0.003569  0.003556  0.003260   \n",
       "Servs  0.001651  0.001203  0.000666  ...  0.003556  0.007612  0.007098   \n",
       "BusEq  0.001535  0.001031  0.000702  ...  0.003260  0.007098  0.009620   \n",
       "Paper  0.000650  0.002920  0.002058  ...  0.001308  0.001300  0.001414   \n",
       "Trans  0.000944  0.002196  0.001929  ...  0.001541  0.001397  0.001282   \n",
       "Whlsl  0.001056  0.001404  0.001610  ...  0.001187  0.002083  0.002515   \n",
       "Rtail  0.000869  0.001808  0.001805  ...  0.002042  0.002888  0.002021   \n",
       "Meals  0.000986  0.001646  0.001250  ...  0.001179  0.001121  0.000724   \n",
       "Fin    0.001617  0.002469  0.001986  ...  0.001787  0.001961  0.001689   \n",
       "Other  0.001258  0.002059  0.001811  ...  0.001321  0.002396  0.002674   \n",
       "\n",
       "          Paper     Trans     Whlsl     Rtail     Meals       Fin     Other  \n",
       "Food   0.001429  0.001534  0.000740  0.001363  0.001230  0.002132  0.001057  \n",
       "Beer   0.001710  0.002284  0.000697  0.001690  0.001822  0.002571  0.001383  \n",
       "Smoke  0.001327  0.000396  0.001707  0.000105  0.000703  0.001312  0.001741  \n",
       "Games  0.001852  0.001578  0.001966  0.001872  0.001561  0.002416  0.002382  \n",
       "Books  0.001638  0.001776  0.001392  0.002223  0.001189  0.002261  0.001442  \n",
       "Hshld  0.001873  0.001582  0.000683  0.001378  0.001202  0.001912  0.001580  \n",
       "Clths  0.003165  0.002862  0.001934  0.003013  0.002721  0.003210  0.002299  \n",
       "Hlth   0.000650  0.000944  0.001056  0.000869  0.000986  0.001617  0.001258  \n",
       "Chems  0.002920  0.002196  0.001404  0.001808  0.001646  0.002469  0.002059  \n",
       "Txtls  0.002058  0.001929  0.001610  0.001805  0.001250  0.001986  0.001811  \n",
       "Cnstr  0.002205  0.002302  0.001685  0.002136  0.002100  0.002708  0.001810  \n",
       "Steel  0.002551  0.001656  0.002543  0.001447  0.000660  0.002178  0.003864  \n",
       "FabPr  0.002669  0.002119  0.002383  0.001835  0.001725  0.002319  0.002756  \n",
       "ElcEq  0.001794  0.001888  0.001246  0.002738  0.001526  0.002717  0.001825  \n",
       "Autos  0.002186  0.002279  0.001754  0.002011  0.001952  0.002604  0.002343  \n",
       "Carry  0.002968  0.002450  0.001629  0.001845  0.002108  0.002721  0.002404  \n",
       "Mines  0.002802  0.001639  0.002250  0.001487  0.001403  0.001979  0.002876  \n",
       "Coal   0.002560  0.001635  0.002197  0.000490  0.000614  0.002946  0.001691  \n",
       "Oil    0.001820  0.001496  0.001658  0.000918  0.001262  0.001896  0.001950  \n",
       "Util   0.000524  0.000603  0.000879 -0.000076  0.000301  0.001094  0.001013  \n",
       "Telcm  0.001308  0.001541  0.001187  0.002042  0.001179  0.001787  0.001321  \n",
       "Servs  0.001300  0.001397  0.002083  0.002888  0.001121  0.001961  0.002396  \n",
       "BusEq  0.001414  0.001282  0.002515  0.002021  0.000724  0.001689  0.002674  \n",
       "Paper  0.003409  0.002361  0.001576  0.001819  0.001642  0.002495  0.001911  \n",
       "Trans  0.002361  0.002852  0.001190  0.002044  0.001963  0.002598  0.001712  \n",
       "Whlsl  0.001576  0.001190  0.002734  0.001202  0.000961  0.001882  0.002197  \n",
       "Rtail  0.001819  0.002044  0.001202  0.003480  0.002187  0.002313  0.001399  \n",
       "Meals  0.001642  0.001963  0.000961  0.002187  0.002979  0.002026  0.001247  \n",
       "Fin    0.002495  0.002598  0.001882  0.002313  0.002026  0.003982  0.002243  \n",
       "Other  0.001911  0.001712  0.002197  0.001399  0.001247  0.002243  0.004200  \n",
       "\n",
       "[30 rows x 30 columns]"
      ]
     },
     "execution_count": 72,
     "metadata": {},
     "output_type": "execute_result"
    }
   ],
   "source": [
    "%load_ext autoreload\n",
    "%autoreload 2\n",
    "%matplotlib inline\n",
    "import edhec_risk_kit as erk\n",
    "\n",
    "ind =erk.get_ind_returns()\n",
    "er=erk.annualize_rets(ind[\"1996\":\"2000\"],12)\n",
    "cov=ind[\"1996\":\"2000\"].cov()\n",
    "cov"
   ]
  },
  {
   "cell_type": "code",
   "execution_count": 56,
   "metadata": {},
   "outputs": [],
   "source": [
    "def portfoli_return(weights,returns):\n",
    "    \"\"\"weights->returns\"\"\"\n",
    "    return weights.T@returns\n",
    "def portoflio_vol(weights,covmat):\n",
    "    \"\"\"weights->volatility\"\"\"\n",
    "    returns (weight.T@covmat@weights)**0.5"
   ]
  },
  {
   "cell_type": "code",
   "execution_count": 57,
   "metadata": {},
   "outputs": [
    {
     "data": {
      "text/plain": [
       "Food     0.116799\n",
       "Beer     0.141126\n",
       "Smoke    0.107830\n",
       "Coal     0.414689\n",
       "dtype: float64"
      ]
     },
     "execution_count": 57,
     "metadata": {},
     "output_type": "execute_result"
    }
   ],
   "source": [
    "l=[\"Food\",\"Beer\",\"Smoke\",\"Coal\"]\n",
    "er[l]"
   ]
  },
  {
   "cell_type": "code",
   "execution_count": 58,
   "metadata": {},
   "outputs": [
    {
     "data": {
      "text/html": [
       "<div>\n",
       "<style scoped>\n",
       "    .dataframe tbody tr th:only-of-type {\n",
       "        vertical-align: middle;\n",
       "    }\n",
       "\n",
       "    .dataframe tbody tr th {\n",
       "        vertical-align: top;\n",
       "    }\n",
       "\n",
       "    .dataframe thead th {\n",
       "        text-align: right;\n",
       "    }\n",
       "</style>\n",
       "<table border=\"1\" class=\"dataframe\">\n",
       "  <thead>\n",
       "    <tr style=\"text-align: right;\">\n",
       "      <th></th>\n",
       "      <th>Food</th>\n",
       "      <th>Beer</th>\n",
       "      <th>Smoke</th>\n",
       "      <th>Coal</th>\n",
       "    </tr>\n",
       "  </thead>\n",
       "  <tbody>\n",
       "    <tr>\n",
       "      <td>Food</td>\n",
       "      <td>0.002609</td>\n",
       "      <td>0.002379</td>\n",
       "      <td>0.002061</td>\n",
       "      <td>0.000027</td>\n",
       "    </tr>\n",
       "    <tr>\n",
       "      <td>Beer</td>\n",
       "      <td>0.002379</td>\n",
       "      <td>0.005264</td>\n",
       "      <td>0.001359</td>\n",
       "      <td>0.001728</td>\n",
       "    </tr>\n",
       "    <tr>\n",
       "      <td>Smoke</td>\n",
       "      <td>0.002061</td>\n",
       "      <td>0.001359</td>\n",
       "      <td>0.008349</td>\n",
       "      <td>-0.000733</td>\n",
       "    </tr>\n",
       "    <tr>\n",
       "      <td>Coal</td>\n",
       "      <td>0.000027</td>\n",
       "      <td>0.001728</td>\n",
       "      <td>-0.000733</td>\n",
       "      <td>0.018641</td>\n",
       "    </tr>\n",
       "  </tbody>\n",
       "</table>\n",
       "</div>"
      ],
      "text/plain": [
       "           Food      Beer     Smoke      Coal\n",
       "Food   0.002609  0.002379  0.002061  0.000027\n",
       "Beer   0.002379  0.005264  0.001359  0.001728\n",
       "Smoke  0.002061  0.001359  0.008349 -0.000733\n",
       "Coal   0.000027  0.001728 -0.000733  0.018641"
      ]
     },
     "execution_count": 58,
     "metadata": {},
     "output_type": "execute_result"
    }
   ],
   "source": [
    "cov.loc[l,l]"
   ]
  },
  {
   "cell_type": "code",
   "execution_count": 59,
   "metadata": {},
   "outputs": [
    {
     "data": {
      "text/plain": [
       "array([0.25, 0.25, 0.25, 0.25])"
      ]
     },
     "execution_count": 59,
     "metadata": {},
     "output_type": "execute_result"
    }
   ],
   "source": [
    "import numpy as np\n",
    "import pandas as pd\n",
    "weights=np.repeat(1/4,4)\n",
    "weights"
   ]
  },
  {
   "cell_type": "code",
   "execution_count": 60,
   "metadata": {},
   "outputs": [
    {
     "data": {
      "text/plain": [
       "0.19511097196038385"
      ]
     },
     "execution_count": 60,
     "metadata": {},
     "output_type": "execute_result"
    }
   ],
   "source": [
    "erk.portfolio_return(weights,er[l])"
   ]
  },
  {
   "cell_type": "code",
   "execution_count": 61,
   "metadata": {},
   "outputs": [
    {
     "data": {
      "text/plain": [
       "0.055059195776437045"
      ]
     },
     "execution_count": 61,
     "metadata": {},
     "output_type": "execute_result"
    }
   ],
   "source": [
    "erk.portoflio_vol(weights,cov.loc[l,l])"
   ]
  },
  {
   "cell_type": "markdown",
   "metadata": {},
   "source": [
    "# 2 Asset Frontier"
   ]
  },
  {
   "cell_type": "code",
   "execution_count": 62,
   "metadata": {},
   "outputs": [
    {
     "data": {
      "text/plain": [
       "[array([0., 1.]),\n",
